270,135,32,35
0,0,0,0
0,0,0,0
0,0,0,0
0,0,0,0
272.97,136.74,32,35
0,0,0,0
0,0,0,0
0,0,0,0
0,0,0,0
270.26,153.01,32,35
0,0,0,0
0,0,0,0
0,0,0,0
0,0,0,0
272.97,117.08,32,35
0,0,0,0
0,0,0,0
0,0,0,0
0,0,0,0
272.97,65.551,32,35
0,0,0,0
0,0,0,0
0,0,0,0
0,0,0,0
279.75,60.127,32,35
0,0,0,0
0,0,0,0
0,0,0,0
0,0,0,0
275.69,69.619,32,35
0,0,0,0
0,0,0,0
0,0,0,0
0,0,0,0
272.97,53.347,32,35
0,0,0,0
0,0,0,0
0,0,0,0
0,0,0,0
270.26,39.788,32,35
0,0,0,0
0,0,0,0
0,0,0,0
0,0,0,0
253.99,34.364,32,35
0,0,0,0
0,0,0,0
0,0,0,0
0,0,0,0
266.87,56.737,32,35
0,0,0,0
0,0,0,0
0,0,0,0
0,0,0,0
295.35,87.924,32,35
0,0,0,0
0,0,0,0
0,0,0,0
0,0,0,0
259.42,93.347,32,35
0,0,0,0
0,0,0,0
0,0,0,0
0,0,0,0
240.43,76.398,32,35
0,0,0,0
0,0,0,0
0,0,0,0
0,0,0,0
243.82,71.653,32,35
0,0,0,0
0,0,0,0
0,0,0,0
0,0,0,0
240.43,77.754,32,35
0,0,0,0
0,0,0,0
0,0,0,0
0,0,0,0
224.84,107.58,32,35
0,0,0,0
0,0,0,0
0,0,0,0
0,0,0,0
188.23,109.62,32,35
0,0,0,0
0,0,0,0
0,0,0,0
0,0,0,0
190.26,104.87,32,35
0,0,0,0
0,0,0,0
0,0,0,0
0,0,0,0
194.33,99.449,32,35
0,0,0,0
0,0,0,0
0,0,0,0
0,0,0,0
178.74,104.87,32,35
0,0,0,0
0,0,0,0
0,0,0,0
0,0,0,0
164.5,113.01,32,35
0,0,0,0
0,0,0,0
0,0,0,0
0,0,0,0
150.26,81.822,32,35
0,0,0,0
0,0,0,0
0,0,0,0
0,0,0,0
129.25,46.568,32,35
0,0,0,0
0,0,0,0
0,0,0,0
0,0,0,0
138.74,44.534,32,35
0,0,0,0
0,0,0,0
0,0,0,0
0,0,0,0
157.04,83.178,32,35
0,0,0,0
0,0,0,0
0,0,0,0
0,0,0,0
183.48,110.97,32,35
0,0,0,0
0,0,0,0
0,0,0,0
0,0,0,0
210.6,82.5,32,35
0,0,0,0
0,0,0,0
0,0,0,0
0,0,0,0
191.62,33.686,32,35
0,0,0,0
0,0,0,0
0,0,0,0
0,0,0,0
184.16,10.636,32,35
0,0,0,0
0,0,0,0
0,0,0,0
0,0,0,0
167.21,39.788,32,35
0,0,0,0
0,0,0,0
0,0,0,0
0,0,0,0
136.7,86.568,32,35
0,0,0,0
0,0,0,0
0,0,0,0
0,0,0,0
123.82,52.669,32,35
0,0,0,0
0,0,0,0
0,0,0,0
0,0,0,0
117.72,52.669,32,35
0,0,0,0
0,0,0,0
0,0,0,0
0,0,0,0
150.94,56.737,32,35
0,0,0,0
0,0,0,0
0,0,0,0
0,0,0,0
160.43,30.297,32,35
0,0,0,0
0,0,0,0
0,0,0,0
0,0,0,0
171.28,67.585,32,35
0,0,0,0
0,0,0,0
0,0,0,0
0,0,0,0
184.16,88.602,32,35
0,0,0,0
0,0,0,0
0,0,0,0
0,0,0,0
186.87,99.449,32,35
0,0,0,0
0,0,0,0
0,0,0,0
0,0,0,0
200.43,118.43,32,35
0,0,0,0
0,0,0,0
0,0,0,0
0,0,0,0
201.79,135.38,32,35
0,0,0,0
0,0,0,0
0,0,0,0
0,0,0,0
195.01,137.42,32,35
0,0,0,0
0,0,0,0
0,0,0,0
0,0,0,0
197.72,129.28,32,35
0,0,0,0
0,0,0,0
0,0,0,0
0,0,0,0
202.47,121.82,32,35
0,0,0,0
0,0,0,0
0,0,0,0
0,0,0,0
218.74,110.97,32,35
0,0,0,0
0,0,0,0
0,0,0,0
0,0,0,0
230.94,85.212,32,35
0,0,0,0
0,0,0,0
0,0,0,0
0,0,0,0
219.42,89.28,32,35
0,0,0,0
0,0,0,0
0,0,0,0
0,0,0,0
225.52,95.381,32,35
0,0,0,0
0,0,0,0
0,0,0,0
0,0,0,0
243.82,64.873,32,35
0,0,0,0
0,0,0,0
0,0,0,0
0,0,0,0
258.06,47.246,32,35
0,0,0,0
0,0,0,0
0,0,0,0
0,0,0,0
273.65,37.076,32,35
0,0,0,0
0,0,0,0
0,0,0,0
0,0,0,0
272.3,60.805,32,35
0,0,0,0
0,0,0,0
0,0,0,0
0,0,0,0
267.55,77.754,32,35
0,0,0,0
0,0,0,0
0,0,0,0
0,0,0,0
271.62,60.805,32,35
0,0,0,0
0,0,0,0
0,0,0,0
0,0,0,0
275.01,52.669,32,35
0,0,0,0
0,0,0,0
0,0,0,0
0,0,0,0
270.94,52.669,32,35
0,0,0,0
0,0,0,0
0,0,0,0
0,0,0,0
266.87,66.907,32,35
0,0,0,0
0,0,0,0
0,0,0,0
0,0,0,0
235.01,70.975,32,35
0,0,0,0
0,0,0,0
0,0,0,0
0,0,0,0
209.25,78.432,32,35
0,0,0,0
0,0,0,0
0,0,0,0
0,0,0,0
202.47,106.91,32,35
0,0,0,0
0,0,0,0
0,0,0,0
0,0,0,0
211.96,128.6,32,35
0,0,0,0
0,0,0,0
0,0,0,0
0,0,0,0
213.31,140.13,32,35
0,0,0,0
0,0,0,0
0,0,0,0
0,0,0,0
216.03,146.23,32,35
0,0,0,0
0,0,0,0
0,0,0,0
0,0,0,0
213.31,148.94,32,35
0,0,0,0
0,0,0,0
0,0,0,0
0,0,0,0
213.31,170.64,32,35
0,0,0,0
0,0,0,0
0,0,0,0
0,0,0,0
232.97,144.87,32,35
0,0,0,0
0,0,0,0
0,0,0,0
0,0,0,0
241.11,111.65,32,35
0,0,0,0
0,0,0,0
0,0,0,0
0,0,0,0
257.38,87.246,32,35
0,0,0,0
0,0,0,0
0,0,0,0
0,0,0,0
268.23,64.195,32,35
0,0,0,0
0,0,0,0
0,0,0,0
0,0,0,0
272.3,65.551,32,35
0,0,0,0
0,0,0,0
0,0,0,0
0,0,0,0
284.5,69.619,32,35
0,0,0,0
0,0,0,0
0,0,0,0
0,0,0,0
310.26,78.432,32,35
0,0,0,0
0,0,0,0
0,0,0,0
0,0,0,0
347.55,83.178,32,35
0,0,0,0
0,0,0,0
0,0,0,0
0,0,0,0
357.72,79.11,32,35
0,0,0,0
0,0,0,0
0,0,0,0
0,0,0,0
354.33,87.246,32,35
0,0,0,0
0,0,0,0
0,0,0,0
0,0,0,0
378.06,134.7,32,35
